
DETRoom1Det = [
    1    1    1    1     1     1     1    1    1    1  0.00000E+00 0.00000 
];


DETRoom2Det = [
    1    1    1    1     1     1     1    1    1    1  0.00000E+00 0.00000 
];


DETRoom3Det = [
    1    1    1    1     1     1     1    1    1    1  0.00000E+00 0.00000 
];


DETFluxDet = [
    1    1    1    1     1     1     1    1    1    1  2.04316E-01 0.00075 
    2    2    1    1     1     1     1    1    1    1  2.78852E-01 0.00074 
    3    3    1    1     1     1     1    1    1    1  3.52768E-01 0.00134 
    4    4    1    1     1     1     1    1    1    1  4.07639E-01 0.00116 
    5    5    1    1     1     1     1    1    1    1  4.47089E-01 0.00100 
    6    6    1    1     1     1     1    1    1    1  4.71493E-01 0.00111 
    7    7    1    1     1     1     1    1    1    1  4.89232E-01 0.00135 
    8    8    1    1     1     1     1    1    1    1  4.95293E-01 0.00131 
    9    9    1    1     1     1     1    1    1    1  5.04106E-01 0.00103 
   10   10    1    1     1     1     1    1    1    1  5.05449E-01 0.00092 
   11   11    1    1     1     1     1    1    1    1  4.95710E-01 0.00100 
   12   12    1    1     1     1     1    1    1    1  4.83326E-01 0.00106 
   13   13    1    1     1     1     1    1    1    1  4.64239E-01 0.00135 
   14   14    1    1     1     1     1    1    1    1  4.37965E-01 0.00095 
   15   15    1    1     1     1     1    1    1    1  4.06019E-01 0.00089 
   16   16    1    1     1     1     1    1    1    1  3.69377E-01 0.00109 
   17   17    1    1     1     1     1    1    1    1  3.26500E-01 0.00103 
   18   18    1    1     1     1     1    1    1    1  2.88217E-01 0.00111 
   19   19    1    1     1     1     1    1    1    1  2.47622E-01 0.00139 
   20   20    1    1     1     1     1    1    1    1  2.05480E-01 0.00111 
   21   21    1    1     1     1     1    1    1    1  1.73847E-01 0.00119 
   22   22    1    1     1     1     1    1    1    1  1.44408E-01 0.00093 
   23   23    1    1     1     1     1    1    1    1  1.71021E-01 0.00109 
   24   24    1    1     1     1     1    1    1    1  2.13246E-01 0.00120 
   25   25    1    1     1     1     1    1    1    1  2.32676E-01 0.00108 
   26   26    1    1     1     1     1    1    1    1  2.44150E-01 0.00118 
   27   27    1    1     1     1     1    1    1    1  2.55739E-01 0.00126 
   28   28    1    1     1     1     1    1    1    1  2.70568E-01 0.00103 
   29   29    1    1     1     1     1    1    1    1  2.81563E-01 0.00094 
   30   30    1    1     1     1     1    1    1    1  2.83656E-01 0.00108 
   31   31    1    1     1     1     1    1    1    1  3.19602E-01 0.00097 
   32   32    1    1     1     1     1    1    1    1  2.92526E-01 0.00089 
   33   33    1    1     1     1     1    1    1    1  3.87770E-01 0.00095 
   34   34    1    1     1     1     1    1    1    1  4.65154E-01 0.00087 
   35   35    1    1     1     1     1    1    1    1  4.74374E-01 0.00128 
   36   36    1    1     1     1     1    1    1    1  4.55481E-01 0.00095 
   37   37    1    1     1     1     1    1    1    1  4.99561E-01 0.00106 
   38   38    1    1     1     1     1    1    1    1  5.29238E-01 0.00126 
   39   39    1    1     1     1     1    1    1    1  4.86789E-01 0.00111 
   40   40    1    1     1     1     1    1    1    1  4.61116E-01 0.00100 
   41   41    1    1     1     1     1    1    1    1  5.33608E-01 0.00120 
   42   42    1    1     1     1     1    1    1    1  5.74464E-01 0.00096 
   43   43    1    1     1     1     1    1    1    1  5.89808E-01 0.00100 
   44   44    1    1     1     1     1    1    1    1  5.68133E-01 0.00131 
   45   45    1    1     1     1     1    1    1    1  5.63848E-01 0.00090 
   46   46    1    1     1     1     1    1    1    1  5.33853E-01 0.00107 
   47   47    1    1     1     1     1    1    1    1  5.12910E-01 0.00086 
   48   48    1    1     1     1     1    1    1    1  5.09174E-01 0.00088 
   49   49    1    1     1     1     1    1    1    1  4.67139E-01 0.00118 
   50   50    1    1     1     1     1    1    1    1  5.02662E-01 0.00113 
   51   51    1    1     1     1     1    1    1    1  5.23784E-01 0.00138 
   52   52    1    1     1     1     1    1    1    1  5.07759E-01 0.00140 
   53   53    1    1     1     1     1    1    1    1  4.83759E-01 0.00121 
   54   54    1    1     1     1     1    1    1    1  4.78196E-01 0.00142 
   55   55    1    1     1     1     1    1    1    1  4.20825E-01 0.00125 
   56   56    1    1     1     1     1    1    1    1  4.21166E-01 0.00105 
   57   57    1    1     1     1     1    1    1    1  4.55282E-01 0.00111 
   58   58    1    1     1     1     1    1    1    1  4.77791E-01 0.00110 
   59   59    1    1     1     1     1    1    1    1  4.72185E-01 0.00121 
   60   60    1    1     1     1     1    1    1    1  4.35091E-01 0.00164 
   61   61    1    1     1     1     1    1    1    1  4.04620E-01 0.00095 
   62   62    1    1     1     1     1    1    1    1  4.23476E-01 0.00111 
   63   63    1    1     1     1     1    1    1    1  4.34124E-01 0.00151 
   64   64    1    1     1     1     1    1    1    1  4.32068E-01 0.00151 
   65   65    1    1     1     1     1    1    1    1  3.76449E-01 0.00147 
   66   66    1    1     1     1     1    1    1    1  3.60144E-01 0.00159 
   67   67    1    1     1     1     1    1    1    1  3.65911E-01 0.00148 
   68   68    1    1     1     1     1    1    1    1  3.32711E-01 0.00187 
   69   69    1    1     1     1     1    1    1    1  3.31851E-01 0.00165 
   70   70    1    1     1     1     1    1    1    1  3.02019E-01 0.00159 
   71   71    1    1     1     1     1    1    1    1  2.68847E-01 0.00184 
   72   72    1    1     1     1     1    1    1    1  2.48526E-01 0.00216 
   73   73    1    1     1     1     1    1    1    1  2.30535E-01 0.00210 
   74   74    1    1     1     1     1    1    1    1  2.23064E-01 0.00189 
   75   75    1    1     1     1     1    1    1    1  2.12084E-01 0.00180 
   76   76    1    1     1     1     1    1    1    1  1.92237E-01 0.00250 
   77   77    1    1     1     1     1    1    1    1  1.74497E-01 0.00261 
   78   78    1    1     1     1     1    1    1    1  1.61408E-01 0.00206 
   79   79    1    1     1     1     1    1    1    1  1.53325E-01 0.00203 
   80   80    1    1     1     1     1    1    1    1  1.44423E-01 0.00234 
   81   81    1    1     1     1     1    1    1    1  1.35645E-01 0.00318 
   82   82    1    1     1     1     1    1    1    1  1.16926E-01 0.00385 
   83   83    1    1     1     1     1    1    1    1  1.04712E-01 0.00245 
   84   84    1    1     1     1     1    1    1    1  9.87991E-02 0.00277 
   85   85    1    1     1     1     1    1    1    1  9.09405E-02 0.00361 
   86   86    1    1     1     1     1    1    1    1  7.92837E-02 0.00309 
   87   87    1    1     1     1     1    1    1    1  6.89804E-02 0.00483 
   88   88    1    1     1     1     1    1    1    1  5.99229E-02 0.00394 
   89   89    1    1     1     1     1    1    1    1  5.05535E-02 0.00474 
   90   90    1    1     1     1     1    1    1    1  4.26327E-02 0.00503 
   91   91    1    1     1     1     1    1    1    1  3.78160E-02 0.00425 
   92   92    1    1     1     1     1    1    1    1  3.36380E-02 0.00471 
   93   93    1    1     1     1     1    1    1    1  2.75176E-02 0.00673 
   94   94    1    1     1     1     1    1    1    1  1.99336E-02 0.00764 
   95   95    1    1     1     1     1    1    1    1  1.54899E-02 0.00682 
   96   96    1    1     1     1     1    1    1    1  1.27126E-02 0.01070 
   97   97    1    1     1     1     1    1    1    1  1.05781E-02 0.00944 
   98   98    1    1     1     1     1    1    1    1  8.06653E-03 0.01020 
   99   99    1    1     1     1     1    1    1    1  6.01082E-03 0.01428 
  100  100    1    1     1     1     1    1    1    1  4.76387E-03 0.01654 
];


