
DETRoom1Det = [
    1    1    1    1     1     1     1    1    1    1  0.00000E+00 0.00000 
];


DETRoom2Det = [
    1    1    1    1     1     1     1    1    1    1  0.00000E+00 0.00000 
];


DETRoom3Det = [
    1    1    1    1     1     1     1    1    1    1  0.00000E+00 0.00000 
];


DETFluxDet = [
    1    1    1    1     1     1     1    1    1    1  2.04377E-01 0.00053 
    2    2    1    1     1     1     1    1    1    1  2.78749E-01 0.00054 
    3    3    1    1     1     1     1    1    1    1  3.52698E-01 0.00076 
    4    4    1    1     1     1     1    1    1    1  4.07805E-01 0.00071 
    5    5    1    1     1     1     1    1    1    1  4.46788E-01 0.00069 
    6    6    1    1     1     1     1    1    1    1  4.71539E-01 0.00071 
    7    7    1    1     1     1     1    1    1    1  4.88704E-01 0.00082 
    8    8    1    1     1     1     1    1    1    1  4.95309E-01 0.00079 
    9    9    1    1     1     1     1    1    1    1  5.04094E-01 0.00068 
   10   10    1    1     1     1     1    1    1    1  5.05651E-01 0.00065 
   11   11    1    1     1     1     1    1    1    1  4.95663E-01 0.00065 
   12   12    1    1     1     1     1    1    1    1  4.83114E-01 0.00070 
   13   13    1    1     1     1     1    1    1    1  4.64064E-01 0.00089 
   14   14    1    1     1     1     1    1    1    1  4.37936E-01 0.00074 
   15   15    1    1     1     1     1    1    1    1  4.05487E-01 0.00074 
   16   16    1    1     1     1     1    1    1    1  3.68931E-01 0.00077 
   17   17    1    1     1     1     1    1    1    1  3.26565E-01 0.00070 
   18   18    1    1     1     1     1    1    1    1  2.88273E-01 0.00075 
   19   19    1    1     1     1     1    1    1    1  2.47459E-01 0.00086 
   20   20    1    1     1     1     1    1    1    1  2.05816E-01 0.00079 
   21   21    1    1     1     1     1    1    1    1  1.73939E-01 0.00076 
   22   22    1    1     1     1     1    1    1    1  1.44357E-01 0.00065 
   23   23    1    1     1     1     1    1    1    1  1.71064E-01 0.00074 
   24   24    1    1     1     1     1    1    1    1  2.13352E-01 0.00085 
   25   25    1    1     1     1     1    1    1    1  2.32696E-01 0.00071 
   26   26    1    1     1     1     1    1    1    1  2.44145E-01 0.00076 
   27   27    1    1     1     1     1    1    1    1  2.55468E-01 0.00079 
   28   28    1    1     1     1     1    1    1    1  2.70535E-01 0.00068 
   29   29    1    1     1     1     1    1    1    1  2.81771E-01 0.00061 
   30   30    1    1     1     1     1    1    1    1  2.83603E-01 0.00072 
   31   31    1    1     1     1     1    1    1    1  3.20020E-01 0.00065 
   32   32    1    1     1     1     1    1    1    1  2.92702E-01 0.00064 
   33   33    1    1     1     1     1    1    1    1  3.87810E-01 0.00068 
   34   34    1    1     1     1     1    1    1    1  4.65137E-01 0.00058 
   35   35    1    1     1     1     1    1    1    1  4.75069E-01 0.00074 
   36   36    1    1     1     1     1    1    1    1  4.55862E-01 0.00065 
   37   37    1    1     1     1     1    1    1    1  4.99780E-01 0.00074 
   38   38    1    1     1     1     1    1    1    1  5.29830E-01 0.00081 
   39   39    1    1     1     1     1    1    1    1  4.87349E-01 0.00069 
   40   40    1    1     1     1     1    1    1    1  4.61180E-01 0.00067 
   41   41    1    1     1     1     1    1    1    1  5.34060E-01 0.00074 
   42   42    1    1     1     1     1    1    1    1  5.74573E-01 0.00068 
   43   43    1    1     1     1     1    1    1    1  5.89257E-01 0.00071 
   44   44    1    1     1     1     1    1    1    1  5.67794E-01 0.00089 
   45   45    1    1     1     1     1    1    1    1  5.64248E-01 0.00062 
   46   46    1    1     1     1     1    1    1    1  5.34049E-01 0.00073 
   47   47    1    1     1     1     1    1    1    1  5.13240E-01 0.00067 
   48   48    1    1     1     1     1    1    1    1  5.08745E-01 0.00064 
   49   49    1    1     1     1     1    1    1    1  4.67785E-01 0.00077 
   50   50    1    1     1     1     1    1    1    1  5.02651E-01 0.00077 
   51   51    1    1     1     1     1    1    1    1  5.24637E-01 0.00082 
   52   52    1    1     1     1     1    1    1    1  5.08017E-01 0.00088 
   53   53    1    1     1     1     1    1    1    1  4.83134E-01 0.00085 
   54   54    1    1     1     1     1    1    1    1  4.78270E-01 0.00088 
   55   55    1    1     1     1     1    1    1    1  4.21231E-01 0.00085 
   56   56    1    1     1     1     1    1    1    1  4.21970E-01 0.00070 
   57   57    1    1     1     1     1    1    1    1  4.55362E-01 0.00070 
   58   58    1    1     1     1     1    1    1    1  4.77840E-01 0.00081 
   59   59    1    1     1     1     1    1    1    1  4.72014E-01 0.00079 
   60   60    1    1     1     1     1    1    1    1  4.35234E-01 0.00095 
   61   61    1    1     1     1     1    1    1    1  4.04768E-01 0.00081 
   62   62    1    1     1     1     1    1    1    1  4.22735E-01 0.00073 
   63   63    1    1     1     1     1    1    1    1  4.33475E-01 0.00096 
   64   64    1    1     1     1     1    1    1    1  4.31927E-01 0.00100 
   65   65    1    1     1     1     1    1    1    1  3.76540E-01 0.00098 
   66   66    1    1     1     1     1    1    1    1  3.60226E-01 0.00104 
   67   67    1    1     1     1     1    1    1    1  3.65862E-01 0.00093 
   68   68    1    1     1     1     1    1    1    1  3.32737E-01 0.00117 
   69   69    1    1     1     1     1    1    1    1  3.31966E-01 0.00115 
   70   70    1    1     1     1     1    1    1    1  3.01793E-01 0.00106 
   71   71    1    1     1     1     1    1    1    1  2.69247E-01 0.00120 
   72   72    1    1     1     1     1    1    1    1  2.48581E-01 0.00137 
   73   73    1    1     1     1     1    1    1    1  2.30325E-01 0.00133 
   74   74    1    1     1     1     1    1    1    1  2.22789E-01 0.00131 
   75   75    1    1     1     1     1    1    1    1  2.12095E-01 0.00142 
   76   76    1    1     1     1     1    1    1    1  1.92252E-01 0.00161 
   77   77    1    1     1     1     1    1    1    1  1.74772E-01 0.00161 
   78   78    1    1     1     1     1    1    1    1  1.61097E-01 0.00147 
   79   79    1    1     1     1     1    1    1    1  1.53385E-01 0.00150 
   80   80    1    1     1     1     1    1    1    1  1.44781E-01 0.00157 
   81   81    1    1     1     1     1    1    1    1  1.35881E-01 0.00207 
   82   82    1    1     1     1     1    1    1    1  1.16755E-01 0.00238 
   83   83    1    1     1     1     1    1    1    1  1.05092E-01 0.00203 
   84   84    1    1     1     1     1    1    1    1  9.85885E-02 0.00178 
   85   85    1    1     1     1     1    1    1    1  9.06610E-02 0.00245 
   86   86    1    1     1     1     1    1    1    1  7.93690E-02 0.00219 
   87   87    1    1     1     1     1    1    1    1  6.89193E-02 0.00288 
   88   88    1    1     1     1     1    1    1    1  5.98770E-02 0.00286 
   89   89    1    1     1     1     1    1    1    1  5.05446E-02 0.00297 
   90   90    1    1     1     1     1    1    1    1  4.27842E-02 0.00338 
   91   91    1    1     1     1     1    1    1    1  3.79059E-02 0.00315 
   92   92    1    1     1     1     1    1    1    1  3.35845E-02 0.00347 
   93   93    1    1     1     1     1    1    1    1  2.74849E-02 0.00460 
   94   94    1    1     1     1     1    1    1    1  1.97880E-02 0.00490 
   95   95    1    1     1     1     1    1    1    1  1.54393E-02 0.00574 
   96   96    1    1     1     1     1    1    1    1  1.27950E-02 0.00688 
   97   97    1    1     1     1     1    1    1    1  1.05410E-02 0.00704 
   98   98    1    1     1     1     1    1    1    1  8.03950E-03 0.00730 
   99   99    1    1     1     1     1    1    1    1  5.96759E-03 0.00982 
  100  100    1    1     1     1     1    1    1    1  4.72728E-03 0.01045 
];


