
DETRoom1Det = [
    1    1    1    1     1     1     1    1    1    1  0.00000E+00 0.00000 
];


DETRoom2Det = [
    1    1    1    1     1     1     1    1    1    1  0.00000E+00 0.00000 
];


DETRoom3Det = [
    1    1    1    1     1     1     1    1    1    1  0.00000E+00 0.00000 
];


DETFluxDet = [
    1    1    1    1     1     1     1    1    1    1  2.04417E-01 0.00062 
    2    2    1    1     1     1     1    1    1    1  2.78847E-01 0.00064 
    3    3    1    1     1     1     1    1    1    1  3.52819E-01 0.00096 
    4    4    1    1     1     1     1    1    1    1  4.07973E-01 0.00085 
    5    5    1    1     1     1     1    1    1    1  4.46854E-01 0.00084 
    6    6    1    1     1     1     1    1    1    1  4.71556E-01 0.00086 
    7    7    1    1     1     1     1    1    1    1  4.89178E-01 0.00100 
    8    8    1    1     1     1     1    1    1    1  4.95351E-01 0.00097 
    9    9    1    1     1     1     1    1    1    1  5.04187E-01 0.00079 
   10   10    1    1     1     1     1    1    1    1  5.05608E-01 0.00077 
   11   11    1    1     1     1     1    1    1    1  4.95852E-01 0.00078 
   12   12    1    1     1     1     1    1    1    1  4.83055E-01 0.00084 
   13   13    1    1     1     1     1    1    1    1  4.64308E-01 0.00110 
   14   14    1    1     1     1     1    1    1    1  4.38096E-01 0.00091 
   15   15    1    1     1     1     1    1    1    1  4.05603E-01 0.00089 
   16   16    1    1     1     1     1    1    1    1  3.69138E-01 0.00089 
   17   17    1    1     1     1     1    1    1    1  3.26566E-01 0.00084 
   18   18    1    1     1     1     1    1    1    1  2.88378E-01 0.00091 
   19   19    1    1     1     1     1    1    1    1  2.47548E-01 0.00107 
   20   20    1    1     1     1     1    1    1    1  2.05731E-01 0.00095 
   21   21    1    1     1     1     1    1    1    1  1.73912E-01 0.00093 
   22   22    1    1     1     1     1    1    1    1  1.44372E-01 0.00076 
   23   23    1    1     1     1     1    1    1    1  1.71023E-01 0.00088 
   24   24    1    1     1     1     1    1    1    1  2.13445E-01 0.00105 
   25   25    1    1     1     1     1    1    1    1  2.32601E-01 0.00085 
   26   26    1    1     1     1     1    1    1    1  2.44204E-01 0.00096 
   27   27    1    1     1     1     1    1    1    1  2.55595E-01 0.00095 
   28   28    1    1     1     1     1    1    1    1  2.70626E-01 0.00083 
   29   29    1    1     1     1     1    1    1    1  2.81781E-01 0.00072 
   30   30    1    1     1     1     1    1    1    1  2.83582E-01 0.00085 
   31   31    1    1     1     1     1    1    1    1  3.19890E-01 0.00077 
   32   32    1    1     1     1     1    1    1    1  2.92708E-01 0.00074 
   33   33    1    1     1     1     1    1    1    1  3.87667E-01 0.00079 
   34   34    1    1     1     1     1    1    1    1  4.65238E-01 0.00069 
   35   35    1    1     1     1     1    1    1    1  4.74911E-01 0.00092 
   36   36    1    1     1     1     1    1    1    1  4.55702E-01 0.00079 
   37   37    1    1     1     1     1    1    1    1  4.99883E-01 0.00091 
   38   38    1    1     1     1     1    1    1    1  5.29561E-01 0.00101 
   39   39    1    1     1     1     1    1    1    1  4.87234E-01 0.00086 
   40   40    1    1     1     1     1    1    1    1  4.61278E-01 0.00081 
   41   41    1    1     1     1     1    1    1    1  5.33849E-01 0.00091 
   42   42    1    1     1     1     1    1    1    1  5.74506E-01 0.00076 
   43   43    1    1     1     1     1    1    1    1  5.89603E-01 0.00088 
   44   44    1    1     1     1     1    1    1    1  5.67391E-01 0.00106 
   45   45    1    1     1     1     1    1    1    1  5.64446E-01 0.00073 
   46   46    1    1     1     1     1    1    1    1  5.34032E-01 0.00087 
   47   47    1    1     1     1     1    1    1    1  5.13332E-01 0.00080 
   48   48    1    1     1     1     1    1    1    1  5.09146E-01 0.00072 
   49   49    1    1     1     1     1    1    1    1  4.67728E-01 0.00096 
   50   50    1    1     1     1     1    1    1    1  5.02597E-01 0.00090 
   51   51    1    1     1     1     1    1    1    1  5.24463E-01 0.00101 
   52   52    1    1     1     1     1    1    1    1  5.07965E-01 0.00109 
   53   53    1    1     1     1     1    1    1    1  4.82903E-01 0.00106 
   54   54    1    1     1     1     1    1    1    1  4.78023E-01 0.00109 
   55   55    1    1     1     1     1    1    1    1  4.21485E-01 0.00103 
   56   56    1    1     1     1     1    1    1    1  4.21736E-01 0.00085 
   57   57    1    1     1     1     1    1    1    1  4.55120E-01 0.00083 
   58   58    1    1     1     1     1    1    1    1  4.77757E-01 0.00093 
   59   59    1    1     1     1     1    1    1    1  4.71948E-01 0.00096 
   60   60    1    1     1     1     1    1    1    1  4.35014E-01 0.00121 
   61   61    1    1     1     1     1    1    1    1  4.04490E-01 0.00095 
   62   62    1    1     1     1     1    1    1    1  4.23054E-01 0.00086 
   63   63    1    1     1     1     1    1    1    1  4.34045E-01 0.00113 
   64   64    1    1     1     1     1    1    1    1  4.31650E-01 0.00123 
   65   65    1    1     1     1     1    1    1    1  3.76191E-01 0.00119 
   66   66    1    1     1     1     1    1    1    1  3.59911E-01 0.00125 
   67   67    1    1     1     1     1    1    1    1  3.66060E-01 0.00111 
   68   68    1    1     1     1     1    1    1    1  3.32532E-01 0.00143 
   69   69    1    1     1     1     1    1    1    1  3.31789E-01 0.00132 
   70   70    1    1     1     1     1    1    1    1  3.01873E-01 0.00128 
   71   71    1    1     1     1     1    1    1    1  2.69218E-01 0.00149 
   72   72    1    1     1     1     1    1    1    1  2.48707E-01 0.00171 
   73   73    1    1     1     1     1    1    1    1  2.30518E-01 0.00161 
   74   74    1    1     1     1     1    1    1    1  2.22639E-01 0.00155 
   75   75    1    1     1     1     1    1    1    1  2.11902E-01 0.00169 
   76   76    1    1     1     1     1    1    1    1  1.92080E-01 0.00202 
   77   77    1    1     1     1     1    1    1    1  1.74687E-01 0.00197 
   78   78    1    1     1     1     1    1    1    1  1.61057E-01 0.00175 
   79   79    1    1     1     1     1    1    1    1  1.53393E-01 0.00181 
   80   80    1    1     1     1     1    1    1    1  1.44595E-01 0.00191 
   81   81    1    1     1     1     1    1    1    1  1.35931E-01 0.00264 
   82   82    1    1     1     1     1    1    1    1  1.16827E-01 0.00304 
   83   83    1    1     1     1     1    1    1    1  1.05091E-01 0.00238 
   84   84    1    1     1     1     1    1    1    1  9.87630E-02 0.00213 
   85   85    1    1     1     1     1    1    1    1  9.06894E-02 0.00301 
   86   86    1    1     1     1     1    1    1    1  7.93392E-02 0.00269 
   87   87    1    1     1     1     1    1    1    1  6.89530E-02 0.00361 
   88   88    1    1     1     1     1    1    1    1  5.99466E-02 0.00335 
   89   89    1    1     1     1     1    1    1    1  5.04756E-02 0.00358 
   90   90    1    1     1     1     1    1    1    1  4.28526E-02 0.00411 
   91   91    1    1     1     1     1    1    1    1  3.78554E-02 0.00365 
   92   92    1    1     1     1     1    1    1    1  3.36328E-02 0.00405 
   93   93    1    1     1     1     1    1    1    1  2.75425E-02 0.00570 
   94   94    1    1     1     1     1    1    1    1  1.98647E-02 0.00604 
   95   95    1    1     1     1     1    1    1    1  1.53825E-02 0.00648 
   96   96    1    1     1     1     1    1    1    1  1.27684E-02 0.00857 
   97   97    1    1     1     1     1    1    1    1  1.05575E-02 0.00842 
   98   98    1    1     1     1     1    1    1    1  8.07831E-03 0.00890 
   99   99    1    1     1     1     1    1    1    1  5.94796E-03 0.01190 
  100  100    1    1     1     1     1    1    1    1  4.70989E-03 0.01275 
];


