
DETRoom1Det = [
    1    1    1    1     1     1     1    1    1    1  0.00000E+00 0.00000 
];


DETRoom2Det = [
    1    1    1    1     1     1     1    1    1    1  0.00000E+00 0.00000 
];


DETRoom3Det = [
    1    1    1    1     1     1     1    1    1    1  0.00000E+00 0.00000 
];


DETFluxDet = [
    1    1    1    1     1     1     1    1    1    1  2.04240E-01 0.00110 
    2    2    1    1     1     1     1    1    1    1  2.79166E-01 0.00093 
    3    3    1    1     1     1     1    1    1    1  3.52705E-01 0.00172 
    4    4    1    1     1     1     1    1    1    1  4.08107E-01 0.00146 
    5    5    1    1     1     1     1    1    1    1  4.47368E-01 0.00151 
    6    6    1    1     1     1     1    1    1    1  4.72474E-01 0.00142 
    7    7    1    1     1     1     1    1    1    1  4.89873E-01 0.00133 
    8    8    1    1     1     1     1    1    1    1  4.96599E-01 0.00137 
    9    9    1    1     1     1     1    1    1    1  5.04494E-01 0.00096 
   10   10    1    1     1     1     1    1    1    1  5.05351E-01 0.00125 
   11   11    1    1     1     1     1    1    1    1  4.95522E-01 0.00115 
   12   12    1    1     1     1     1    1    1    1  4.83966E-01 0.00137 
   13   13    1    1     1     1     1    1    1    1  4.65070E-01 0.00150 
   14   14    1    1     1     1     1    1    1    1  4.38325E-01 0.00147 
   15   15    1    1     1     1     1    1    1    1  4.06498E-01 0.00131 
   16   16    1    1     1     1     1    1    1    1  3.70265E-01 0.00158 
   17   17    1    1     1     1     1    1    1    1  3.26051E-01 0.00140 
   18   18    1    1     1     1     1    1    1    1  2.88868E-01 0.00134 
   19   19    1    1     1     1     1    1    1    1  2.48213E-01 0.00198 
   20   20    1    1     1     1     1    1    1    1  2.05736E-01 0.00123 
   21   21    1    1     1     1     1    1    1    1  1.74070E-01 0.00159 
   22   22    1    1     1     1     1    1    1    1  1.44494E-01 0.00135 
   23   23    1    1     1     1     1    1    1    1  1.70894E-01 0.00159 
   24   24    1    1     1     1     1    1    1    1  2.13595E-01 0.00136 
   25   25    1    1     1     1     1    1    1    1  2.32838E-01 0.00110 
   26   26    1    1     1     1     1    1    1    1  2.44716E-01 0.00156 
   27   27    1    1     1     1     1    1    1    1  2.55549E-01 0.00128 
   28   28    1    1     1     1     1    1    1    1  2.70753E-01 0.00107 
   29   29    1    1     1     1     1    1    1    1  2.82032E-01 0.00113 
   30   30    1    1     1     1     1    1    1    1  2.84106E-01 0.00140 
   31   31    1    1     1     1     1    1    1    1  3.20245E-01 0.00124 
   32   32    1    1     1     1     1    1    1    1  2.92641E-01 0.00123 
   33   33    1    1     1     1     1    1    1    1  3.88068E-01 0.00113 
   34   34    1    1     1     1     1    1    1    1  4.65344E-01 0.00129 
   35   35    1    1     1     1     1    1    1    1  4.74942E-01 0.00141 
   36   36    1    1     1     1     1    1    1    1  4.55651E-01 0.00137 
   37   37    1    1     1     1     1    1    1    1  5.00040E-01 0.00126 
   38   38    1    1     1     1     1    1    1    1  5.29317E-01 0.00136 
   39   39    1    1     1     1     1    1    1    1  4.87066E-01 0.00108 
   40   40    1    1     1     1     1    1    1    1  4.61119E-01 0.00150 
   41   41    1    1     1     1     1    1    1    1  5.34060E-01 0.00149 
   42   42    1    1     1     1     1    1    1    1  5.74992E-01 0.00135 
   43   43    1    1     1     1     1    1    1    1  5.89713E-01 0.00132 
   44   44    1    1     1     1     1    1    1    1  5.69808E-01 0.00128 
   45   45    1    1     1     1     1    1    1    1  5.64367E-01 0.00124 
   46   46    1    1     1     1     1    1    1    1  5.33296E-01 0.00138 
   47   47    1    1     1     1     1    1    1    1  5.13926E-01 0.00120 
   48   48    1    1     1     1     1    1    1    1  5.09303E-01 0.00138 
   49   49    1    1     1     1     1    1    1    1  4.66824E-01 0.00180 
   50   50    1    1     1     1     1    1    1    1  5.02359E-01 0.00146 
   51   51    1    1     1     1     1    1    1    1  5.23782E-01 0.00161 
   52   52    1    1     1     1     1    1    1    1  5.07773E-01 0.00155 
   53   53    1    1     1     1     1    1    1    1  4.83529E-01 0.00188 
   54   54    1    1     1     1     1    1    1    1  4.78766E-01 0.00216 
   55   55    1    1     1     1     1    1    1    1  4.21034E-01 0.00179 
   56   56    1    1     1     1     1    1    1    1  4.21162E-01 0.00147 
   57   57    1    1     1     1     1    1    1    1  4.55862E-01 0.00155 
   58   58    1    1     1     1     1    1    1    1  4.78035E-01 0.00144 
   59   59    1    1     1     1     1    1    1    1  4.72322E-01 0.00194 
   60   60    1    1     1     1     1    1    1    1  4.35648E-01 0.00179 
   61   61    1    1     1     1     1    1    1    1  4.04590E-01 0.00129 
   62   62    1    1     1     1     1    1    1    1  4.23952E-01 0.00160 
   63   63    1    1     1     1     1    1    1    1  4.33840E-01 0.00184 
   64   64    1    1     1     1     1    1    1    1  4.31413E-01 0.00172 
   65   65    1    1     1     1     1    1    1    1  3.76851E-01 0.00174 
   66   66    1    1     1     1     1    1    1    1  3.61158E-01 0.00220 
   67   67    1    1     1     1     1    1    1    1  3.66017E-01 0.00209 
   68   68    1    1     1     1     1    1    1    1  3.32737E-01 0.00190 
   69   69    1    1     1     1     1    1    1    1  3.30803E-01 0.00181 
   70   70    1    1     1     1     1    1    1    1  3.02284E-01 0.00247 
   71   71    1    1     1     1     1    1    1    1  2.69151E-01 0.00285 
   72   72    1    1     1     1     1    1    1    1  2.48199E-01 0.00228 
   73   73    1    1     1     1     1    1    1    1  2.30265E-01 0.00236 
   74   74    1    1     1     1     1    1    1    1  2.22879E-01 0.00248 
   75   75    1    1     1     1     1    1    1    1  2.12376E-01 0.00261 
   76   76    1    1     1     1     1    1    1    1  1.91751E-01 0.00333 
   77   77    1    1     1     1     1    1    1    1  1.75205E-01 0.00289 
   78   78    1    1     1     1     1    1    1    1  1.62001E-01 0.00266 
   79   79    1    1     1     1     1    1    1    1  1.53606E-01 0.00221 
   80   80    1    1     1     1     1    1    1    1  1.44347E-01 0.00345 
   81   81    1    1     1     1     1    1    1    1  1.35943E-01 0.00449 
   82   82    1    1     1     1     1    1    1    1  1.16756E-01 0.00388 
   83   83    1    1     1     1     1    1    1    1  1.04838E-01 0.00392 
   84   84    1    1     1     1     1    1    1    1  9.92593E-02 0.00384 
   85   85    1    1     1     1     1    1    1    1  9.16415E-02 0.00544 
   86   86    1    1     1     1     1    1    1    1  7.95541E-02 0.00368 
   87   87    1    1     1     1     1    1    1    1  6.89071E-02 0.00627 
   88   88    1    1     1     1     1    1    1    1  6.02145E-02 0.00486 
   89   89    1    1     1     1     1    1    1    1  5.07734E-02 0.00675 
   90   90    1    1     1     1     1    1    1    1  4.25175E-02 0.00445 
   91   91    1    1     1     1     1    1    1    1  3.78201E-02 0.00682 
   92   92    1    1     1     1     1    1    1    1  3.36936E-02 0.00690 
   93   93    1    1     1     1     1    1    1    1  2.74884E-02 0.01074 
   94   94    1    1     1     1     1    1    1    1  1.98751E-02 0.01070 
   95   95    1    1     1     1     1    1    1    1  1.54384E-02 0.00874 
   96   96    1    1     1     1     1    1    1    1  1.27745E-02 0.01235 
   97   97    1    1     1     1     1    1    1    1  1.05712E-02 0.01334 
   98   98    1    1     1     1     1    1    1    1  8.07196E-03 0.01381 
   99   99    1    1     1     1     1    1    1    1  6.26370E-03 0.01735 
  100  100    1    1     1     1     1    1    1    1  4.78417E-03 0.02868 
];


